#Bx [T], By [T], Bz [T] on 3D mesh: inmost loop vs X (horizontal transverse position), outmost loop vs Z (longitudinal position)
#-0.02 #initial X position [m]
#0.001 #step of X [m]
#41 #number of points vs X
#-0.004 #initial Y position [m]
#0.0005 #step of Y [m]
#17 #number of points vs Y
#-0.0246 #initial Z position [m]
#0.000615 #step of Z [m]
#81 #number of points vs Z
-0.01024883808	-0.1235302504	0.6884058609
0.005451149246	-0.1266673755	0.6921226216
0.02135775381	-0.1294134759	0.6935295404
0.03765064073	-0.1318352746	0.6927322347
0.05453173213	-0.1340177824	0.6897859145
0.07219984487	-0.1360645941	0.684701151
0.09080971961	-0.1380859834	0.6774522249
0.1103991916	-0.1401069568	0.6679887063
0.1310061476	-0.1417304972	0.6562388783
0.1535701459	-0.1423472684	0.6420665762
0.1793477719	-0.1426627211	0.6252080725
0.2085133259	-0.1436629631	0.6053045562
0.2410273204	-0.1458549523	0.5819691727
0.2769055557	-0.1496351916	0.5548056883
0.3161623017	-0.1552011093	0.5234079787
0.3596685815	-0.162533988	0.4873423284
0.4093081106	-0.1735643571	0.4461341737
0.465487657	-0.1923221015	0.3994343478
0.5275591941	-0.2243475363	0.3474107888
0.5922804145	-0.2800345891	0.2912016901
0.6415272667	-0.3746662193	0.2331952666
0.6345388181	-0.4944354444	0.1766008117
0.5746527753	-0.5855492281	0.123932792
0.5035275527	-0.6380625337	0.07630803234
0.4382276696	-0.6675507879	0.03397644147
0.3815947605	-0.6847787303	-0.003347118814
0.3328369035	-0.6961229706	-0.03625354259
0.2895164909	-0.7044892398	-0.06520926645
0.2503440597	-0.710302799	-0.09047507377
0.2150293678	-0.7139260515	-0.1123586495
0.1834020467	-0.7158141564	-0.1312051513
0.1554119084	-0.7165088842	-0.1473676808
0.1308144742	-0.7170577424	-0.1612212304
0.10821572	-0.7182753339	-0.1730623166
0.08646774155	-0.7195652835	-0.1830092182
0.06539765736	-0.7204305983	-0.1911575289
0.04488710091	-0.7207934795	-0.197623145
0.0246889198	-0.7206763459	-0.202514764
0.004473058201	-0.72009394	-0.2059243782
-0.01614576968	-0.7190282541	-0.2079278108
-0.03759970634	-0.7174188113	-0.2085882298
-0.01195890956	-0.1434460054	0.6462527909
0.003967655766	-0.1466828192	0.6497546538
0.02006598655	-0.1494733116	0.6510071441
0.03651108236	-0.151897796	0.6501059652
0.05349871115	-0.1540418048	0.6471002239
0.07122417369	-0.1559942604	0.6419973779
0.08985674224	-0.1578278799	0.6347695772
0.1095263848	-0.1595253152	0.6253602041
0.1304645567	-0.1608518301	0.6136812844
0.1533608124	-0.1615949928	0.5995842443
0.1790216666	-0.1621720164	0.5828267298
0.2077516722	-0.1632495067	0.5630920257
0.239618306	-0.1653159944	0.5400316959
0.2746662598	-0.1687721191	0.5132852337
0.3130079765	-0.1739692574	0.4824851927
0.3551931817	-0.1814887134	0.4472560268
0.4019976846	-0.1932141584	0.4072394542
0.4531769795	-0.212601137	0.3622475187
0.5069110093	-0.2446033434	0.3125674411
0.5577909377	-0.2964818298	0.2593020058
0.5909044767	-0.3741290179	0.2045134495
0.5849053457	-0.465223968	0.1508003502
0.5417177151	-0.5406073466	0.1003151369
0.4841731318	-0.5899747374	0.05421781183
0.4268420966	-0.6200423177	0.01287395118
0.3745337152	-0.6384836875	-0.02384746408
0.3279076454	-0.650526806	-0.05632786969
0.2859995495	-0.6589349444	-0.08494204976
0.248013806	-0.6647157814	-0.1099823218
0.2136459579	-0.6684191178	-0.1317447435
0.1827248607	-0.6705426916	-0.150544149
0.1550960906	-0.6716397751	-0.1667005737
0.13037014	-0.6724434332	-0.1805284277
0.1076146244	-0.6734306223	-0.1922812736
0.0859891816	-0.6743811637	-0.2021141911
0.06514862494	-0.6749854582	-0.210143235
0.04487892653	-0.6751351209	-0.2164789249
0.02491797804	-0.6748099262	-0.2212209229
0.004945667737	-0.6739948203	-0.224453186
-0.01540504524	-0.6726483999	-0.226244295
-0.03654361307	-0.6706888046	-0.2266504488
-0.01373306694	-0.1669069321	0.6049389051
0.002452609074	-0.1702305575	0.6082069171
0.018766038	-0.1730536736	0.6092889804
0.03538342028	-0.1754678605	0.6082701625
0.05250025529	-0.1775598367	0.6051924784
0.07031579083	-0.1794087516	0.600058908
0.08902055009	-0.1810680652	0.5928378702
0.108808244	-0.182520544	0.5834663849
0.12997659	-0.1836472137	0.5718455771
0.1530616233	-0.1843982092	0.5578218216
0.1786404263	-0.1850585427	0.5411697442
0.2070281281	-0.1860974753	0.5216049119
0.2383447322	-0.1879430897	0.4988122406
0.2726452813	-0.1909943727	0.4724649663
0.3100076706	-0.1957101661	0.4422356184
0.3506452361	-0.2029027873	0.4078092933
0.3946266457	-0.2143275091	0.3689296715
0.4410879322	-0.2329029303	0.3255359018
0.4874733416	-0.2626203066	0.2779980792
0.5279956158	-0.308107626	0.2273598593
0.5515118857	-0.3709376761	0.1753957513
0.5460824467	-0.4416908357	0.1242546835
0.513008273	-0.5031216096	0.07578646049
0.4656885719	-0.5469412766	0.03112090196
0.4153326952	-0.575488729	-0.009281368629
0.3672026681	-0.5937457248	-0.04541119153
0.3229410954	-0.6057549767	-0.07749888004
0.2825505523	-0.6139646978	-0.1058342484
0.2457099155	-0.6195655344	-0.1306931779
0.2122191542	-0.6232185788	-0.1523548614
0.1819258792	-0.6254376197	-0.171108925
0.1546314527	-0.6267287872	-0.187245985
0.1299380275	-0.6276240587	-0.2010421364
0.107162006	-0.6284457339	-0.212726951
0.08565151021	-0.6291285479	-0.2224660811
0.06501321546	-0.6294899401	-0.2303860245
0.04497356856	-0.6294271601	-0.2365953651
0.02525427022	-0.6288953032	-0.2411873238
0.005541722106	-0.6278558571	-0.2442386728
-0.01451433785	-0.6262472837	-0.2458105913
-0.03530069223	-0.6239684225	-0.2459514082
-0.01556252178	-0.1935422747	0.564981863
0.0009126164334	-0.1969361936	0.5679993009
0.01746437415	-0.1997779066	0.5688964963
0.03427421966	-0.2021685567	0.5677472376
0.05154188214	-0.2041969605	0.5645856347
0.0694748246	-0.2059372448	0.5594091521
0.08828411571	-0.2074359544	0.5521815139
0.1082021545	-0.2086897369	0.5428338215
0.1295435151	-0.2096509021	0.5312600996
0.1527494071	-0.2103369781	0.5173055612
0.1782684228	-0.2109579302	0.5007583511
0.2063918789	-0.2118545941	0.4813588987
0.2372536248	-0.2133844863	0.4588203543
0.270893189	-0.2159240247	0.4328467774
0.3072981778	-0.2199655853	0.4031491747
0.346388653	-0.2263565281	0.3694693714
0.387740417	-0.2366467194	0.3316355701
0.4300177434	-0.2532198174	0.2896822483
0.4703145958	-0.2790954214	0.2440308209
0.5032577368	-0.3170737327	0.1956563538
0.520716317	-0.3669593133	0.1460947706
0.515602854	-0.4219018601	0.09715706338
0.4889084868	-0.4710923573	0.05045067147
0.449053426	-0.5083159421	0.007053089613
0.4044507457	-0.5339092441	-0.03250629556
0.3600895575	-0.5508942697	-0.06810291863
0.3181475053	-0.5622308098	-0.09985031342
0.2792621366	-0.5699489672	-0.1279622411
0.2435021288	-0.5752044645	-0.1526815399
0.2108120007	-0.5786775259	-0.1742659174
0.1810816205	-0.580863123	-0.1929828827
0.1541108361	-0.5822005553	-0.2090990586
0.1295358871	-0.5830881591	-0.2228648434
0.1068216705	-0.5837619106	-0.2344938693
0.0854366619	-0.584221149	-0.2441528577
0.06498718153	-0.5843601975	-0.2519722818
0.04516967599	-0.5840923391	-0.2580591436
0.02569451401	-0.5833604444	-0.2625014512
0.006253785641	-0.5821090234	-0.2653692764
-0.01348675114	-0.5802602576	-0.2667161842
-0.03389054553	-0.5776966174	-0.2665818419
-0.01743712401	-0.2229891973	0.5267140032
-0.0006442807069	-0.2264341857	0.5294664983
0.01616810667	-0.2292784556	0.5301660731
0.03318978225	-0.2316317979	0.5288747176
0.05062796282	-0.2335859994	0.5256180138
0.06870039798	-0.2352137679	0.5203871848
0.08763557345	-0.2365614738	0.5131407559
0.1076883757	-0.2376408643	0.503804521
0.1291732038	-0.2384448708	0.4922678109
0.152471981	-0.2390156754	0.4783764052
0.1779566056	-0.2395106208	0.461929078
0.2058885146	-0.2401779509	0.4426853579
0.2363939324	-0.2413022026	0.4203816334
0.2694798777	-0.2432123164	0.3947488744
0.3050301751	-0.2463682143	0.3655325017
0.3427259805	-0.2515387547	0.3325230484
0.3817910548	-0.2600142161	0.2956147478
0.4205674969	-0.2736642269	0.2549093364
0.4560489691	-0.2946844338	0.2108546465
0.4835043366	-0.3247385447	0.1643569334
0.496953178	-0.3630850191	0.1167619317
0.4919597828	-0.4049008942	0.06962861688
0.4693599794	-0.4431994133	0.02437814275
0.4348275467	-0.473460477	-0.01796422016
0.3947438865	-0.4951925043	-0.05682099988
0.3535790345	-0.5101029389	-0.09197687652
0.3137320742	-0.5202403193	-0.1234536458
0.2762382822	-0.5271806347	-0.1513997926
0.2414601644	-0.5319243542	-0.1760220559
0.2094839411	-0.5350952251	-0.1975556036
0.1802545622	-0.5371362244	-0.2162487897
0.1535935861	-0.5384123303	-0.232349446
0.1291808	-0.5392244081	-0.246090064
0.1065768521	-0.539749611	-0.2576727706
0.08533053291	-0.5400108508	-0.2672618969
0.06506422703	-0.5399459495	-0.2749882678
0.04546343179	-0.539483746	-0.2809567559
0.02623344182	-0.538562145	-0.2852505765
0.007072804718	-0.5371142342	-0.2879332852
-0.01233689089	-0.5350499537	-0.2890505654
-0.03233504197	-0.5322392478	-0.2886327097
-0.0193455947	-0.2549322989	0.4903224674
-0.002208793673	-0.2584065638	0.4927981353
0.01488501642	-0.2612354179	0.493289137
0.03213642415	-0.2635368753	0.4918453148
0.04976249107	-0.2654062839	0.4884832916
0.06799210263	-0.2669171793	0.483187585
0.08706805915	-0.2681187019	0.4759113012
0.1072588281	-0.2690347044	0.4665754649
0.128874783	-0.2696793656	0.4550660737
0.152261387	-0.27009857	0.4412299286
0.1777438881	-0.270405923	0.424873862
0.2055576819	-0.2707746454	0.4057717635
0.2358129438	-0.2714140604	0.3836783808
0.2684789561	-0.272582567	0.3583468124
0.3033443065	-0.2746567723	0.3295508907
0.3399051173	-0.2782575782	0.2971195413
0.3771348772	-0.2843834991	0.2609948382
0.4131666937	-0.2944295824	0.2213218207
0.4450142883	-0.3099503053	0.1785562705
0.4685489244	-0.3319688573	0.1335408909
0.4792469098	-0.3597761018	0.0874751313
0.4741952369	-0.3901405089	0.04173508586
0.454171996	-0.4185489551	-0.002393730494
0.4233022537	-0.4418028508	-0.04392743905
0.3865845143	-0.4591407213	-0.08225348977
0.3479622378	-0.471418112	-0.1170866426
0.3098721885	-0.4799495494	-0.1483774124
0.273578879	-0.4858646013	-0.1762209832
0.2396493354	-0.4899455072	-0.2007914524
0.2082876007	-0.4927063892	-0.2223036008
0.179494058	-0.4945114717	-0.2409901822
0.1531205	-0.4956469961	-0.257085004
0.1288875383	-0.4963347302	-0.2708080851
0.1064204141	-0.4967044157	-0.2823531391
0.08532306667	-0.4967821494	-0.291881108
0.0652376475	-0.4965284351	-0.2995213039
0.04584952591	-0.4958839175	-0.3053758282
0.02686434463	-0.4947852912	-0.3095231249
0.007988505401	-0.4931585729	-0.3120202167
-0.01108051523	-0.4909053564	-0.3129045976
-0.03065781811	-0.4878874267	-0.3121965292
-0.02127526349	-0.2891169941	0.4558895264
-0.003770421544	-0.2925958835	0.458079059
0.01362359386	-0.2953893895	0.4583524166
0.03112070218	-0.297623362	0.4567471405
0.04894959146	-0.2993968511	0.4532706465
0.06735056456	-0.3007852783	0.4479004862
0.08657844791	-0.3018413634	0.4405842858
0.1069111319	-0.3025974648	0.4312386909
0.128656464	-0.3030772592	0.4197470136
0.1521394862	-0.3033193977	0.4059567999
0.177658739	-0.3033969939	0.3896805341
0.2054313154	-0.3034161611	0.3707023255
0.2355518828	-0.3035078773	0.3487904767
0.2679566569	-0.3038412457	0.3237147928
0.3023591102	-0.3046729808	0.2952702655
0.338120871	-0.3064321785	0.2633128536
0.3740407541	-0.3098077172	0.2278152877
0.4081132703	-0.3157628407	0.1889457409
0.4373964175	-0.3253706597	0.1471546132
0.4582120739	-0.3393425956	0.1032290772
0.4669761798	-0.357282819	0.05826089028
0.4616848676	-0.3772586445	0.01350048302
0.4431378386	-0.39649955	-0.02985656941
0.414608072	-0.4128425461	-0.07085117123
0.3802076074	-0.4255070008	-0.108841768
0.3434461232	-0.4347930648	-0.1434895242
0.3067075221	-0.4414291506	-0.1746912454
0.2713692796	-0.4461267685	-0.2025014594
0.2381259652	-0.449421498	-0.2270685118
0.2072666508	-0.4516847728	-0.2485912997
0.1788378817	-0.4531831498	-0.2672912793
0.1527204089	-0.4541207509	-0.283392759
0.1286680299	-0.4546491628	-0.2971075912
0.1063497202	-0.4548554045	-0.3086236368
0.08540725728	-0.4547580214	-0.3180985542
0.06550108598	-0.4543276733	-0.3256592958
0.0463218857	-0.4535129926	-0.3314046957
0.02757958201	-0.4522512854	-0.3354082873
0.008989814645	-0.4504647572	-0.3377204352
-0.009734052379	-0.4480501719	-0.3383701236
-0.02888332123	-0.4448655282	-0.3373669736
-0.02321165386	-0.3253457407	0.4234260592
-0.005317410277	-0.3288013651	0.4253227538
0.01239307125	-0.3315375933	0.4253713198
0.03014956139	-0.3336873453	0.4235970406
0.04819379422	-0.3353529515	0.419998041
0.06677752646	-0.336611856	0.414544802
0.08616611347	-0.3375201609	0.4071794962
0.1066454371	-0.3381159072	0.397814644
0.1285244744	-0.338425606	0.3863310748
0.1521203632	-0.3384749427	0.3725763938
0.1777201506	-0.3382974228	0.3563664142
0.2055321944	-0.337935066	0.3374916571
0.2356419914	-0.3374372406	0.315729228
0.2679643988	-0.3368701946	0.2908598388
0.3021642524	-0.3363460732	0.262691744
0.3375161964	-0.3360737337	0.2310963204
0.3727018864	-0.3364200278	0.1960609884
0.4056117168	-0.3379474025	0.15775988
0.4333080349	-0.3413613253	0.116628118
0.4523672857	-0.3472693952	0.07340618286
0.4597547469	-0.3557416682	0.02911178441
0.4540232372	-0.3659792877	-0.01508145146
0.4360752397	-0.3765553276	-0.0580257695
0.408781543	-0.3861383531	-0.09876661978
0.3757442915	-0.3940220532	-0.1366339986
0.3401636664	-0.4001205291	-0.1712478707
0.3043365612	-0.404681891	-0.2024669469
0.2696740722	-0.4080324243	-0.2303181455
0.236933771	-0.4104530416	-0.2549329084
0.2064543752	-0.4121553777	-0.2765003651
0.1783133585	-0.4132971127	-0.2952356504
0.1524132116	-0.4139980037	-0.3113580471
0.1285311202	-0.4143436232	-0.3250750342
0.1063639533	-0.4143801504	-0.3365709724
0.08557813125	-0.4141129683	-0.3460008666
0.06584880168	-0.4135158323	-0.3534890324
0.04687417761	-0.4125426351	-0.3591307079
0.02837102133	-0.4111322366	-0.3629943394
0.01006527413	-0.4092054276	-0.3651234721
-0.008314061751	-0.4066571267	-0.3655382783
-0.02703575157	-0.4033454726	-0.364237184
-0.0251381328	-0.3634646585	0.3928966338
-0.006836718685	-0.3668656662	0.3944963573
0.01120341851	-0.369520739	0.3943149075
0.02923039578	-0.3715684185	0.3923655302
0.04750014106	-0.3731132648	0.388637117
0.06627573681	-0.3742341795	0.3830930882
0.08583201356	-0.3749900917	0.3756702449
0.1064627273	-0.3754231552	0.366277152
0.1284824583	-0.3755597147	0.3547921189
0.1522113211	-0.3754099557	0.3410619206
0.1779380489	-0.3749677402	0.3249034166
0.2058727802	-0.3742116191	0.3061099077
0.2361015302	-0.3731068973	0.2844626115
0.2685338995	-0.3716089454	0.2597472229
0.3028164295	-0.3696706833	0.2317772065
0.3381832969	-0.3672619281	0.2004279632
0.3732464594	-0.3644132931	0.1656867474
0.405802566	-0.3612940918	0.1277184382
0.432836886	-0.3583011368	0.08693468395
0.4509606492	-0.3560618096	0.04403750015
0.4573702298	-0.3552210143	3.406449389e-9
0.4509606492	-0.3560618097	-0.04403749331
0.4328368861	-0.3583011371	-0.08693467714
0.4058025662	-0.3612940923	-0.1277184314
0.3732464599	-0.3644132939	-0.1656867406
0.3381832977	-0.3672619291	-0.2004279564
0.3028164305	-0.3696706845	-0.2317771998
0.2685339005	-0.3716089467	-0.2597472163
0.2361015312	-0.3731068986	-0.2844626049
0.2058727809	-0.3742116201	-0.3061099015
0.1779380492	-0.3749677412	-0.3249034108
0.152211321	-0.3754099564	-0.3410619153
0.1284824575	-0.3755597154	-0.3547921143
0.1064627259	-0.375423156	-0.3662771482
0.08583201159	-0.3749900928	-0.3756702422
0.06627573435	-0.374234181	-0.3830930866
0.04750013822	-0.3731132667	-0.3886371165
0.02923039261	-0.3715684208	-0.392365531
0.01120341503	-0.3695207416	-0.3943149095
-0.006836722478	-0.3668656693	-0.3944963603
-0.02513813696	-0.3634646618	-0.3928966379
-0.0270357476	-0.4033454688	0.3642371796
-0.008314058137	-0.4066571232	0.365538275
0.01006527742	-0.4092054244	0.3651234699
0.0283710243	-0.4111322339	0.3629943384
0.04687418026	-0.4125426327	0.3591307081
0.06584880396	-0.4135158303	0.3534890338
0.08557813309	-0.4141129665	0.3460008691
0.1063639546	-0.4143801489	0.3365709758
0.1285311209	-0.4143436218	0.3250750385
0.1524132118	-0.4139980022	0.3113580521
0.1783133582	-0.4132971111	0.295235656
0.2064543745	-0.4121553761	0.2765003712
0.23693377	-0.4104530399	0.2549329149
0.2696740711	-0.4080324226	0.2303181522
0.3043365602	-0.4046818896	0.2024669538
0.3401636656	-0.400120528	0.1712478777
0.3757442909	-0.3940220523	0.1366340055
0.4087815426	-0.3861383525	0.09876662667
0.4360752395	-0.3765553271	0.05802577642
0.4540232371	-0.3659792873	0.01508145826
0.4597547468	-0.355741668	-0.02911177759
0.4523672857	-0.347269395	-0.07340617615
0.4333080349	-0.3413613255	-0.1166281113
0.4056117169	-0.3379474029	-0.1577598732
0.3727018868	-0.3364200283	-0.1960609816
0.337516197	-0.3360737345	-0.2310963135
0.3021642533	-0.3363460742	-0.2626917371
0.2679643998	-0.3368701955	-0.2908598321
0.2356419924	-0.3374372413	-0.3157292214
0.2055321953	-0.3379350665	-0.3374916507
0.1777201511	-0.338297423	-0.3563664082
0.1521203631	-0.3384749426	-0.3725763882
0.1285244736	-0.338425606	-0.3863310699
0.1066454356	-0.3381159075	-0.39781464
0.08616611132	-0.3375201613	-0.4071794932
0.06677752381	-0.3366118569	-0.4145448
0.04819379116	-0.3353529528	-0.4199980402
0.030149558	-0.3336873472	-0.423597041
0.01239306758	-0.3315375956	-0.4253713216
-0.005317414266	-0.3288013678	-0.4253227568
-0.02321165818	-0.3253457436	-0.4234260633
-0.0288833174	-0.4448655239	0.337366969
-0.009734048939	-0.4480501679	0.33837012
0.008989817775	-0.4504647536	0.3377204327
0.02757958481	-0.4522512821	0.335408286
0.04632188819	-0.4535129896	0.3314046957
0.06550108813	-0.4543276706	0.3256592969
0.08540725901	-0.4547580189	0.3180985564
0.1063497214	-0.4548554022	0.30862364
0.1286680307	-0.4546491606	0.2971075953
0.1527204092	-0.4541207487	0.2833927638
0.1788378815	-0.4531831475	0.2672912848
0.2072666501	-0.4516847705	0.2485913058
0.2381259643	-0.4494214958	0.2270685183
0.2713692785	-0.4461267666	0.2025014661
0.306707521	-0.4414291488	0.1746912523
0.3434461222	-0.4347930635	0.1434895313
0.3802076066	-0.4255069998	0.108841775
0.4146080715	-0.4128425453	0.07085117827
0.4431378383	-0.3964995493	0.02985657636
0.4616848674	-0.3772586439	-0.01350047618
0.4669761797	-0.3572828185	-0.05826088345
0.4582120738	-0.3393425953	-0.1032290704
0.4373964174	-0.3253706596	-0.1471546065
0.4081132703	-0.3157628409	-0.1889457341
0.3740407544	-0.3098077176	-0.2278152809
0.3381208716	-0.3064321792	-0.2633128468
0.3023591111	-0.3046729816	-0.2952702587
0.267956658	-0.3038412464	-0.323714786
0.2355518841	-0.3035078778	-0.3487904699
0.2054313165	-0.3034161612	-0.3707023189
0.1776587396	-0.3033969936	-0.3896805278
0.1521394861	-0.3033193971	-0.405956794
0.1286564632	-0.3030772585	-0.4197470084
0.1069111302	-0.3025974643	-0.4312386865
0.08657844555	-0.3018413632	-0.4405842823
0.06735056163	-0.3007852787	-0.447900484
0.04894958814	-0.2993968521	-0.4532706454
0.03112069858	-0.2976233634	-0.4567471408
0.01362358997	-0.2953893913	-0.4583524182
-0.003770425711	-0.2925958858	-0.4580790618
-0.02127526798	-0.2891169968	-0.4558895304
-0.03065781443	-0.487887422	0.3121965242
-0.01108051192	-0.4909053519	0.3129045937
0.007988508371	-0.4931585687	0.3120202139
0.0268643473	-0.4947852874	0.3095231233
0.04584952826	-0.495883914	0.3053758278
0.06523764953	-0.4965284317	0.2995213046
0.08532306831	-0.4967821462	0.2918811099
0.1064204153	-0.4967044127	0.282353142
0.128887539	-0.4963347272	0.270808089
0.1531205002	-0.4956469931	0.2570850088
0.1794940577	-0.4945114686	0.2409901877
0.2082876	-0.4927063862	0.2223036068
0.2396493344	-0.4899455045	0.2007914588
0.2735788777	-0.4858645988	0.1762209901
0.3098721871	-0.4799495472	0.1483774195
0.3479622366	-0.4714181104	0.1170866498
0.3865845134	-0.4591407201	0.08225349704
0.4233022531	-0.4418028499	0.04392744623
0.4541719957	-0.4185489544	0.002393737593
0.4741952367	-0.3901405081	-0.0417350789
0.4792469096	-0.3597761011	-0.0874751244
0.4685489242	-0.3319688567	-0.1335408841
0.4450142881	-0.309950305	-0.1785562637
0.4131666936	-0.2944295824	-0.2213218138
0.3771348773	-0.2843834994	-0.2609948314
0.3399051178	-0.2782575788	-0.2971195344
0.3033443074	-0.274656773	-0.3295508838
0.2684789573	-0.2725825676	-0.3583468055
0.2358129452	-0.2714140606	-0.3836783738
0.2055576832	-0.2707746451	-0.4057717566
0.1777438889	-0.2704059221	-0.4248738554
0.1522613871	-0.2700985687	-0.4412299223
0.1288747821	-0.2696793641	-0.4550660681
0.1072588263	-0.2690347031	-0.4665754601
0.08706805652	-0.2681187012	-0.4759112974
0.06799209942	-0.2669171792	-0.4831875825
0.04976248746	-0.2654062845	-0.4884832904
0.03213642026	-0.2635368764	-0.4918453149
0.01488501232	-0.2612354196	-0.4932891385
-0.00220879802	-0.2584065659	-0.4927981381
-0.01934559935	-0.2549323013	-0.4903224713
-0.03233503842	-0.5322392423	0.2886327043
-0.01233688775	-0.5350499487	0.2890505611
0.007072807516	-0.5371142294	0.2879332821
0.02623344433	-0.5385621404	0.2852505746
0.04546343401	-0.5394837418	0.2809567553
0.06506422895	-0.5399459453	0.2749882684
0.08533053448	-0.5400108469	0.2672618986
0.1065768532	-0.539749607	0.2576727733
0.1291808007	-0.5392244042	0.2460900677
0.1535935863	-0.5384123264	0.2323494506
0.1802545619	-0.5371362205	0.2162487951
0.2094839404	-0.5350952213	0.1975556097
0.2414601632	-0.5319243506	0.1760220626
0.2762382807	-0.5271806316	0.1513997997
0.3137320726	-0.5202403167	0.123453653
0.353579033	-0.510102937	0.09197688389
0.3947438854	-0.495192503	0.05682100736
0.4348275461	-0.473460476	0.0179642275
0.469359979	-0.4431994123	-0.02437813551
0.4919597827	-0.4049008932	-0.06962860982
0.4969531778	-0.3630850181	-0.1167619247
0.4835043363	-0.3247385439	-0.1643569265
0.4560489688	-0.2946844332	-0.2108546397
0.4205674966	-0.2736642268	-0.2549093295
0.3817910548	-0.2600142164	-0.2956147409
0.3427259808	-0.2515387554	-0.3325230415
0.305030176	-0.246368215	-0.3655324947
0.2694798791	-0.2432123169	-0.3947488673
0.2363939341	-0.2413022026	-0.4203816262
0.2058885163	-0.2401779501	-0.4426853508
0.1779566068	-0.2395106193	-0.461929071
0.1524719813	-0.2390156732	-0.4783763984
0.1291732029	-0.2384448685	-0.4922678048
0.1076883736	-0.2376408623	-0.5038045157
0.08763557047	-0.2365614726	-0.5131407517
0.0687003944	-0.2352137673	-0.5203871819
0.05062795887	-0.2335859996	-0.5256180122
0.03318977807	-0.2316317988	-0.5288747175
0.01616810232	-0.229278457	-0.5301660745
-0.0006442852501	-0.2264341876	-0.529466501
-0.01743712881	-0.2229891994	-0.5267140072
-0.03389054213	-0.5776966113	0.266581836
-0.01348674814	-0.5802602517	0.2667161795
0.006253788323	-0.5821090178	0.2653692729
0.02569451637	-0.5833604391	0.2625014491
0.0451696781	-0.584092334	0.2580591427
0.0649871834	-0.5843601926	0.251972282
0.08543666345	-0.5842211441	0.2441528592
0.1068216717	-0.5837619057	0.2344938719
0.1295358878	-0.5830881542	0.222864847
0.1541108363	-0.5822005504	0.2090990631
0.1810816201	-0.5808631181	0.1929828881
0.2108119998	-0.5786775212	0.1742659236
0.2435021274	-0.5752044601	0.1526815466
0.2792621348	-0.5699489633	0.1279622484
0.3181475032	-0.5622308067	0.09985032101
0.3600895556	-0.5508942676	0.0681029264
0.4044507443	-0.5339092426	0.03250630332
0.4490534252	-0.508315941	-0.007053082021
0.4889084865	-0.4710923562	-0.05045066409
0.5156028539	-0.4219018589	-0.0971570562
0.5207163167	-0.366959312	-0.1460947635
0.5032577364	-0.3170737316	-0.1956563469
0.4703145952	-0.2790954205	-0.2440308141
0.4300177428	-0.2532198172	-0.2896822414
0.3877404167	-0.2366467198	-0.3316355632
0.3463886532	-0.2263565289	-0.3694693644
0.3072981787	-0.2199655862	-0.4031491676
0.2708931906	-0.2159240253	-0.4328467702
0.2372536269	-0.2133844861	-0.4588203469
0.206391881	-0.211854593	-0.4813588912
0.1782684245	-0.2109579281	-0.5007583435
0.1527494077	-0.2103369751	-0.517305554
0.1295435141	-0.2096508989	-0.5312600928
0.1082021522	-0.208689734	-0.5428338156
0.08828411231	-0.2074359524	-0.5521815091
0.06947482058	-0.2059372439	-0.5594091487
0.05154187781	-0.2041969604	-0.5645856328
0.03427421517	-0.2021685573	-0.5677472372
0.01746436955	-0.1997779078	-0.5688964975
0.0009126117203	-0.1969361952	-0.5679993035
-0.01556252673	-0.1935422767	-0.564981867
-0.03530068897	-0.6239684155	0.2459514018
-0.01451433501	-0.6262472769	0.2458105861
0.005541724645	-0.6278558506	0.244238669
0.02525427249	-0.628895297	0.2411873213
0.04497357061	-0.6294271541	0.2365953638
0.06501321727	-0.6294899342	0.2303860245
0.08565151176	-0.629128542	0.2224660823
0.1071620072	-0.6284457279	0.2127269534
0.1299380282	-0.6276240526	0.2010421398
0.1546314529	-0.6267287811	0.1872459895
0.1819258788	-0.6254376136	0.1711089304
0.2122191532	-0.6232185728	0.1523548676
0.2457099139	-0.6195655288	0.1306931849
0.2825505501	-0.6139646929	0.105834256
0.3229410927	-0.605754973	0.07749888803
0.3672026657	-0.5937457224	0.04541119964
0.4153326935	-0.5754887276	0.009281376698
0.465688571	-0.5469412754	-0.03112089404
0.5130082728	-0.5031216085	-0.07578645291
0.5460824468	-0.4416908343	-0.1242546761
0.5515118854	-0.3709376745	-0.1753957441
0.5279956152	-0.3081076245	-0.2273598522
0.4874733407	-0.2626203056	-0.2779980723
0.4410879314	-0.2329029299	-0.3255358948
0.3946266451	-0.2143275093	-0.3689296646
0.3506452361	-0.2029027883	-0.4078092861
0.3100076715	-0.1957101673	-0.4422356112
0.2726452832	-0.1909943734	-0.4724649589
0.2383447348	-0.1879430897	-0.4988122329
0.2070281308	-0.1860974739	-0.521604904
0.1786404285	-0.1850585399	-0.5411697362
0.1530616242	-0.1843982052	-0.5578218137
0.129976589	-0.1836472093	-0.5718455697
0.1088082413	-0.1825205403	-0.5834663783
0.08902054616	-0.1810680626	-0.5928378649
0.0703157863	-0.1794087502	-0.6000589041
0.0525002505	-0.1775598364	-0.6051924762
0.03538341543	-0.175467861	-0.6082701619
0.01876603315	-0.1730536747	-0.6092889814
0.002452604191	-0.1702305591	-0.6082069198
-0.01373307197	-0.166906934	-0.6049389093
-0.03654360996	-0.6706887965	0.2266504417
-0.01540504255	-0.6726483921	0.2262442893
0.004945670133	-0.6739948127	0.2244531817
0.0249179802	-0.674809919	0.2212209201
0.0448789285	-0.6751351138	0.2164789235
0.06514862675	-0.6749854511	0.2101432348
0.0859891832	-0.6743811566	0.2021141922
0.1076146257	-0.673430615	0.1922812758
0.1303701408	-0.6724434257	0.1805284311
0.1550960907	-0.6716397675	0.1667005782
0.1827248602	-0.6705426841	0.1505441544
0.2136459567	-0.6684191105	0.13174475
0.2480138041	-0.6647157746	0.1099823291
0.2859995468	-0.6589349382	0.08494205771
0.327907642	-0.6505268014	0.05632787809
0.374533712	-0.6384836849	0.02384747268
0.4268420946	-0.6200423165	-0.0128739427
0.484173131	-0.5899747364	-0.05421780365
0.541717715	-0.5406073454	-0.100315129
0.5849053458	-0.4652239663	-0.1508003427
0.5909044765	-0.3741290159	-0.2045134422
0.557790937	-0.2964818279	-0.2593019986
0.5069110081	-0.2446033421	-0.3125674341
0.4531769783	-0.2126011364	-0.3622475117
0.4019976837	-0.1932141587	-0.4072394471
0.3551931814	-0.1814887147	-0.4472560197
0.3130079774	-0.1739692591	-0.4824851854
0.2746662621	-0.1687721202	-0.513285226
0.2396183092	-0.1653159944	-0.5400316879
0.2077516758	-0.1632495051	-0.5630920173
0.1790216696	-0.1621720128	-0.5828267213
0.1533608138	-0.1615949877	-0.5995842357
0.1304645557	-0.1608518244	-0.6136812763
0.1095263814	-0.1595253104	-0.6253601969
0.08985673758	-0.1578278766	-0.6347695712
0.0712241685	-0.1559942588	-0.6419973736
0.05349870584	-0.1540418044	-0.6471002213
0.03651107712	-0.1518977966	-0.6501059643
0.02006598144	-0.1494733129	-0.651007145
0.003967650712	-0.1466828207	-0.6497546565
-0.01195891465	-0.1434460071	-0.6462527952
-0.0375997034	-0.7174188018	0.208588222
-0.01614576713	-0.719028245	0.2079278046
0.004473060485	-0.720093931	0.2059243734
0.02468892185	-0.7206763372	0.2025147608
0.04488710284	-0.7207934709	0.1976231432
0.06539765918	-0.7204305898	0.1911575284
0.08646774321	-0.7195652748	0.1830092191
0.1082157215	-0.718275325	0.1730623187
0.1308144752	-0.717057733	0.1612212337
0.1554119086	-0.7165088747	0.1473676852
0.1834020462	-0.7158141471	0.1312051569
0.2150293665	-0.7139260423	0.1123586563
0.2503440576	-0.7103027902	0.09047508146
0.2895164877	-0.7044892319	0.06520927494
0.3328368989	-0.6961229647	0.03625355165
0.3815947563	-0.6847787275	0.00334712797
0.4382276672	-0.6675507868	-0.03397643253
0.5035275518	-0.638062533	-0.07630802377
0.5746527754	-0.585549227	-0.1239327838
0.6345388186	-0.4944354425	-0.176600804
0.6415272667	-0.3746662167	-0.2331952592
0.5922804135	-0.2800345867	-0.2912016829
0.5275591925	-0.2243475346	-0.3474107817
0.4654876553	-0.1923221007	-0.3994343408
0.4093081091	-0.1735643575	-0.4461341665
0.3596685807	-0.1625339898	-0.4873423211
0.3161623026	-0.1552011116	-0.5234079713
0.2769055585	-0.1496351932	-0.5548056805
0.2410273244	-0.1458549525	-0.5819691643
0.2085133304	-0.1436629612	-0.6053045474
0.179347776	-0.1426627169	-0.6252080633
0.153570148	-0.1423472618	-0.6420665669
0.1310061463	-0.1417304898	-0.6562388693
0.1103991873	-0.140106951	-0.6679886983
0.09080971402	-0.1380859798	-0.6774522183
0.07219983892	-0.1360645924	-0.684701146
0.05453172625	-0.134017782	-0.6897859114
0.0376506351	-0.1318352752	-0.6927322336
0.02135774844	-0.1294134773	-0.6935295411
0.005451144076	-0.1266673773	-0.6921226243
-0.01024884316	-0.1235302523	-0.6884058654
-0.007186913109	-0.1730286996	0.7014088556
0.007000362715	-0.1764127058	0.7051588396
0.02147438325	-0.1793323766	0.706441119
0.03638225964	-0.1818666236	0.7053573969
0.05189559396	-0.1841070744	0.7019569843
0.06818688195	-0.1861591396	0.6962412265
0.08539141355	-0.1881322903	0.6881721536
0.1035382943	-0.1900568281	0.6776901068
0.1226527371	-0.1915662463	0.6647332343
0.1436039134	-0.1920867858	0.6491828733
0.1675544622	-0.1922882698	0.6307462274
0.1946491426	-0.1930856886	0.6090193414
0.2248496355	-0.1949334298	0.5835967388
0.2581774155	-0.1981850554	0.5540927303
0.2946597368	-0.2030039709	0.5201624292
0.3351597516	-0.2093365574	0.4815069397
0.3815667061	-0.2189930345	0.4378197318
0.4344841067	-0.2358134695	0.3889490006
0.4936993961	-0.2652140562	0.3352655383
0.5565783073	-0.317610985	0.2779031315
0.605637183	-0.4085844398	0.218862583
0.6002695342	-0.525076958	0.160853646
0.5430778469	-0.6137641179	0.1062090171
0.4750656924	-0.6645851669	0.05613265722
0.4129188767	-0.6929878918	0.01106462832
0.3592057016	-0.7095810787	-0.02906309824
0.3130329962	-0.7204573064	-0.06466603401
0.2721189786	-0.7284017278	-0.09613530823
0.2351998706	-0.7339299077	-0.1237037251
0.2019395586	-0.7374033934	-0.1476475765
0.1721556294	-0.7392444662	-0.1682945824
0.1457855959	-0.7399621885	-0.185993096
0.1225741564	-0.7405170334	-0.2011229634
0.1012260548	-0.7416363004	-0.2140150271
0.08067142389	-0.7427842517	-0.2248297681
0.06072720486	-0.7435016068	-0.2336710678
0.04127238684	-0.7437049448	-0.2406515771
0.02206825997	-0.7434055413	-0.2458779478
0.00279517322	-0.7426083479	-0.2494414956
-0.01692306297	-0.7412865904	-0.2514176187
-0.03751216601	-0.7393714055	-0.2518688684
-0.009047824236	-0.1925124819	0.6631435551
0.005407514203	-0.1960194834	0.6666881156
0.02010720201	-0.1990035848	0.6678263741
0.03519633104	-0.2015578473	0.6666496667
0.05084280012	-0.2037757001	0.6632015931
0.06721737194	-0.205750064	0.6574818491
0.08446961544	-0.2075562342	0.6494530719
0.1027145339	-0.2091844534	0.6390511898
0.1221609295	-0.2104205553	0.6261890062
0.1434438593	-0.2110682895	0.6107184457
0.1673055625	-0.2115187018	0.5923760719
0.1940209537	-0.2123869168	0.5708155479
0.2236522806	-0.2141156036	0.5456728422
0.2562479059	-0.2170648629	0.5165943775
0.2919304808	-0.2215469384	0.4832563878
0.33125997	-0.2280895513	0.4453751848
0.3750622342	-0.2384651301	0.4027196149
0.4232877343	-0.2559802837	0.3552568528
0.4744969239	-0.2854976828	0.3034181123
0.5237919284	-0.3343370203	0.2483047314
0.5567283179	-0.4086951949	0.191738954
0.5520290586	-0.4967908449	0.1359996533
0.5111526298	-0.5698374537	0.08309418317
0.4563951819	-0.617546249	0.03424332213
0.4019566162	-0.646522948	-0.01002487851
0.3524086426	-0.664283023	-0.04966612222
0.3083194356	-0.6758610346	-0.08492805856
0.2687654988	-0.6839173016	-0.1161147607
0.2329673923	-0.6894622625	-0.1434875003
0.200601377	-0.6930354196	-0.1673249961
0.1714863393	-0.6951065737	-0.1879363854
0.1454635257	-0.6961938695	-0.2056457745
0.122154293	-0.6969741822	-0.2207801024
0.1006834669	-0.6978820074	-0.233617191
0.08026098252	-0.698715247	-0.2443373204
0.06055229258	-0.6991836657	-0.253067908
0.04134848028	-0.6991778393	-0.2599224561
0.02239648571	-0.6986697632	-0.2650016698
0.003386329272	-0.6976356642	-0.2683899779
-0.0160400156	-0.6960252289	-0.2701556866
-0.03628541993	-0.6937471884	-0.2703538308
-0.01098463412	-0.2148233398	0.6253953517
0.00377282123	-0.2184380186	0.6287175328
0.0187229038	-0.2214730425	0.6296965826
0.03401428662	-0.2240333335	0.6284132628
0.0498167164	-0.2262145942	0.624904522
0.06630624942	-0.2281016822	0.6191665863
0.08365326532	-0.2297527582	0.6111597877
0.1020327204	-0.2311583913	0.6008137754
0.121716399	-0.2322127617	0.5880250377
0.1431970998	-0.232872115	0.5726330204
0.167005218	-0.233401564	0.5543948083
0.1934292843	-0.2342324861	0.5330041067
0.2225815249	-0.2357542103	0.5081322165
0.2545201956	-0.2383280873	0.4794554537
0.2893359268	-0.2423716809	0.4466760351
0.3272686937	-0.2486385303	0.409542706
0.3684629196	-0.2587874765	0.367893612
0.412244408	-0.2756238758	0.3217849103
0.4563875938	-0.3030798746	0.271690151
0.4955232231	-0.3458595143	0.2186591452
0.518855874	-0.4058067082	0.1643261271
0.5144868929	-0.4739090332	0.110647745
0.4833982021	-0.533218847	0.05938437196
0.4385664762	-0.5755061454	0.01171901217
0.3908670646	-0.6030288747	-0.03175585247
0.3453449618	-0.6206327666	-0.07089227911
0.3035424842	-0.6322146371	-0.1058161648
0.2654497494	-0.6401309641	-0.1367581263
0.2307443315	-0.6455421244	-0.1639673599
0.1992145765	-0.6490889878	-0.1877133366
0.1707011032	-0.6512596641	-0.2082868285
0.1450060145	-0.6525295572	-0.2259874258
0.1217468681	-0.6533931632	-0.2411061457
0.1002779706	-0.6541472228	-0.2538923061
0.07998348123	-0.6547294098	-0.264530295
0.06048737048	-0.6549654177	-0.2731581787
0.04152644736	-0.6547517774	-0.2798902309
0.02283289816	-0.6540374773	-0.284822563
0.004103641135	-0.6527759564	-0.2880332621
-0.01500223212	-0.6508965713	-0.2895834245
-0.03486436834	-0.64828786	-0.2895199223
-0.01298719135	-0.2397925893	0.5886453724
0.002103976232	-0.2434958892	0.5917300107
0.01732867981	-0.246565928	0.5925360468
0.03284311269	-0.2491177604	0.5911333596
0.04882313309	-0.2512500562	0.5875514665
0.06545413582	-0.2530438703	0.5817817814
0.08292681787	-0.2545516054	0.5737806546
0.1014529929	-0.2557770666	0.5634714455
0.121321153	-0.2566808806	0.5507405361
0.142937159	-0.257281914	0.535422917
0.1667138306	-0.2577747615	0.5172907947
0.1929196758	-0.2584719539	0.4960665206
0.2216806459	-0.2596990558	0.4714505603
0.2530404907	-0.2617987538	0.443146587
0.2870041528	-0.2652237316	0.4108847988
0.3235311132	-0.2707660336	0.3744513383
0.3622871079	-0.2798968298	0.3337438472
0.4021177787	-0.2949175523	0.288883881
0.4404028016	-0.31881551	0.2403697296
0.4721087892	-0.3544713844	0.1891917206
0.4893694326	-0.4019161448	0.1368138951
0.4851287529	-0.4546092559	0.08494485847
0.4601506442	-0.50197516	0.03515217868
0.422523594	-0.5378651904	-0.01143351703
0.3803695466	-0.5625598882	-0.05417572185
0.3384755841	-0.5789716606	-0.09284013499
0.2989094138	-0.589945661	-0.1274581231
0.2622667529	-0.5974316466	-0.158195758
0.2285992411	-0.6025447366	-0.1852748532
0.1978391211	-0.6059400413	-0.2089483422
0.1698704967	-0.6080890286	-0.2294889442
0.1444961729	-0.6094059177	-0.2471749088
0.1213675222	-0.6102629913	-0.2622722981
0.09997740481	-0.6108787104	-0.2750123146
0.07982252843	-0.6112497802	-0.2855776336
0.06052826075	-0.6112726593	-0.2941100695
0.04180451326	-0.6108589568	-0.3007235573
0.02337366255	-0.6099460285	-0.3055101117
0.004939078027	-0.6084706329	-0.3085417513
-0.01382346566	-0.6063455819	-0.3098721971
-0.03326943849	-0.6034422536	-0.3095395912
-0.01504387079	-0.2672351421	0.5532449735
0.0004101651126	-0.2710051257	0.5560788127
0.01593245518	-0.2740921176	0.5566995156
0.03168966508	-0.2766202784	0.5551657528
0.04786687658	-0.2786918849	0.5514990094
0.06466082172	-0.2803873744	0.5456849803
0.08227972605	-0.2817595184	0.5376751936
0.1009573621	-0.2828264248	0.527387334
0.1209831603	-0.2835864847	0.5147014824
0.1427092675	-0.2840813232	0.4994516956
0.1664789194	-0.2844565535	0.4814215502
0.192534324	-0.2849392872	0.4603542869
0.220994955	-0.2857885087	0.4359738317
0.2518739015	-0.2873044447	0.4080078917
0.2850770583	-0.2899121236	0.3762134235
0.3203339858	-0.2943336339	0.3404118059
0.356965306	-0.3017993079	0.300548415
0.3934842226	-0.314123208	0.2567906235
0.4271325926	-0.3334893678	0.2096468346
0.4534582759	-0.3616383104	0.1600477092
0.4666891568	-0.3980093915	0.109313997
0.4624188831	-0.43801144	0.05896381489
0.4413178745	-0.4748339812	0.01041582473
0.4087973288	-0.5040144977	-0.03524938475
0.3709866969	-0.5250218178	-0.07736529058
0.3321666409	-0.5394775897	-0.1156286154
0.2946191178	-0.5493399721	-0.1499956544
0.2593193477	-0.5561172253	-0.1805767126
0.2266001439	-0.5607695304	-0.2075624808
0.1965317148	-0.5638954576	-0.2311867028
0.1690528072	-0.5659176011	-0.2517053474
0.1439883804	-0.5671813935	-0.2693792566
0.1210319687	-0.5679692875	-0.2844567485
0.09976666909	-0.5684457761	-0.2971563706
0.07976504664	-0.5686293458	-0.3076570841
0.06066873271	-0.5684567671	-0.3161008522
0.04217848105	-0.5678541374	-0.3226001069
0.02401295342	-0.5667538763	-0.3272427788
0.005882931554	-0.5650813465	-0.3300948707
-0.01251907978	-0.562736794	-0.3312025111
-0.03152343884	-0.5595783435	-0.3305945963
-0.01714178605	-0.29697826	0.5194288077
-0.001298114394	-0.3007902562	0.5220006576
0.01454289645	-0.3038740892	0.5224252944
0.03056091071	-0.3063624166	0.5207499293
0.04695250347	-0.3083614869	0.5169875955
0.06392659991	-0.3099530392	0.5111177102
0.08170616527	-0.3111928142	0.5030866232
0.100538783	-0.3121103678	0.4928070096
0.1207113386	-0.3127238289	0.4801547778
0.1425434895	-0.3130781847	0.4649643006
0.1663366146	-0.3132785134	0.4470275444
0.1923099022	-0.3134827135	0.4261029057
0.2205683711	-0.3138806647	0.4019325079
0.2510893886	-0.3147080211	0.3742639178
0.2836874762	-0.3163135934	0.3428770383
0.3179127758	-0.3192827947	0.3076223377
0.3528379541	-0.3245727844	0.2684803359
0.3867565797	-0.3335457807	0.2256475254
0.4169005823	-0.3477598462	0.1796312273
0.4393757493	-0.3683068067	0.1313070062
0.4498300107	-0.3946158692	0.08188115859
0.4453814471	-0.4236221102	0.03272951471
0.426685873	-0.450936961	-0.01483944476
0.3976565108	-0.4734025722	-0.05978467339
0.3630715016	-0.4902263808	-0.1014173978
0.3266952029	-0.5021973861	-0.1393801119
0.2908422061	-0.5105601932	-0.1735698662
0.2567047526	-0.5163902942	-0.2040507457
0.224810361	-0.5204354965	-0.2309845075
0.1953426527	-0.5231882988	-0.2545866631
0.1682944561	-0.524996831	-0.2750989235
0.1435205564	-0.5261331274	-0.2927687596
0.1207539551	-0.5268063057	-0.3078319533
0.09963920363	-0.5271370541	-0.3204979682
0.07980148061	-0.5271469104	-0.3309416881
0.06090205022	-0.5267937978	-0.3393034359
0.04264265484	-0.5260147866	-0.3456932302
0.02474348196	-0.5247408826	-0.3501947166
0.006924213413	-0.5228902424	-0.3528677905
-0.01110568673	-0.520354407	-0.353750733
-0.02965104181	-0.5169826572	-0.3528627047
-0.01926656606	-0.3288752623	0.487333956
-0.003009101468	-0.3327016436	0.4896348201
0.01316943188	-0.3357601684	0.4898543244
0.02946412019	-0.3381913883	0.4880281031
0.04608475346	-0.3401054534	0.4841604933
0.06325276442	-0.3415862223	0.4782243294
0.08120380027	-0.3426930331	0.4701606839
0.1001954816	-0.3434634903	0.4598777398
0.1205136064	-0.343924565	0.4472482926
0.1424602197	-0.3441145142	0.4321071083
0.1663132436	-0.3441009147	0.4142519247
0.1922759087	-0.3439796209	0.3934516501
0.2204392342	-0.3438680976	0.3694616374
0.2507491863	-0.343919335	0.3420444453
0.2829477166	-0.3443707552	0.3109973487
0.3164532648	-0.3456285082	0.2761916407
0.3501632243	-0.3483579563	0.2376302638
0.382222698	-0.3535090285	0.1955243563
0.4098854704	-0.3621695779	0.1503718417
0.4296779218	-0.3751094965	0.1030002729
0.4381659167	-0.3920327419	0.05452951396
0.4333812914	-0.4111170038	0.006235259584
0.4160320568	-0.4296685127	-0.04064843439
0.3892148983	-0.4455433464	-0.0851050272
0.3568441583	-0.4579317209	-0.1264260589
0.3222573796	-0.4670820213	-0.1642114061
0.2877122561	-0.4736707293	-0.198312629
0.2545053317	-0.4783696328	-0.2287578798
0.2232842658	-0.481688857	-0.2556854929
0.1943137365	-0.4839842748	-0.2792962622
0.1676311837	-0.4855116923	-0.2998212155
0.1431197289	-0.4864663274	-0.3174985441
0.1205446109	-0.4869919936	-0.332555708
0.09959244874	-0.4871697583	-0.3451958922
0.07992496805	-0.4870142594	-0.3555903074
0.06122170516	-0.4864929703	-0.3638768431
0.04319054098	-0.4855503887	-0.3701624812
0.02555699458	-0.4841178677	-0.3745263227
0.00805107659	-0.4821095503	-0.3770219922
-0.009600659289	-0.4794117872	-0.3776796523
-0.02767783378	-0.4758694301	-0.3765082561
-0.02140200237	-0.3628072719	0.4570194635
-0.004709757536	-0.3666171633	0.4590425984
0.01182226115	-0.3696262061	0.4590496143
0.02840698624	-0.3719818671	0.4570646072
0.04526878716	-0.3737975934	0.4530831294
0.06264166971	-0.3751593235	0.44707131
0.08077261097	-0.3761296988	0.4389649743
0.09992798995	-0.3767517074	0.4286681655
0.1203959482	-0.3770549965	0.4160509854
0.1424725281	-0.3770658062	0.4009480569
0.1664262677	-0.3768149955	0.3831604387
0.1924532974	-0.3763389881	0.3624634856
0.2206365782	-0.3756794437	0.3386209954
0.2509017159	-0.3748934696	0.3114052048
0.2829431046	-0.3740830842	0.2806241664
0.316092643	-0.3734470943	0.2461607422
0.3491281027	-0.3733457482	0.2080278208
0.380082074	-0.3743453895	0.1664383485
0.4061974876	-0.377175017	0.121874467
0.4242378181	-0.382490353	0.07512372557
0.4313087753	-0.3904266168	0.02724579954
0.4260064061	-0.4002451878	-0.02054574094
0.4091633458	-0.4105503892	-0.06705720371
0.3834969345	-0.4200047818	-0.1112785717
0.3524249532	-0.427869812	-0.1524802089
0.318978099	-0.4340190387	-0.1902282214
0.2853229032	-0.4386650472	-0.2243410995
0.2527830841	-0.4421092687	-0.2548219066
0.2220639761	-0.4446180054	-0.2817930325
0.1934768967	-0.4463950559	-0.305445796
0.1670889787	-0.4475935183	-0.3260049756
0.1428046596	-0.4483296406	-0.3437036902
0.1204121772	-0.4486857264	-0.3587648453
0.09962544363	-0.4487049094	-0.3713878419
0.08013045262	-0.4483896933	-0.3817409954
0.0616216963	-0.447710531	-0.3899595085
0.04381533767	-0.4466168275	-0.3961469288
0.02644470649	-0.4450412453	-0.400377568
0.009251231231	-0.4428963076	-0.4026986008
-0.008021588422	-0.4400661971	-0.4031318117
-0.02562927125	-0.4363953254	-0.4016755018
-0.02352976071	-0.3986766791	0.4284832693
-0.006385762713	-0.4024358162	0.4302241682
0.01051232831	-0.4053692781	0.4300130535
0.02739766045	-0.4076298145	0.427862669
0.04451026789	-0.4093329689	0.4237598259
0.06209661517	-0.410566067	0.4176639533
0.08041403646	-0.4113944342	0.4095057313
0.09973757567	-0.4118649495	0.3991853041
0.1203618888	-0.4120071699	0.3865701513
0.1425871217	-0.4118329856	0.3714939087
0.1666846655	-0.4113364588	0.3537585812
0.1928533597	-0.4104950067	0.3331422054
0.2211772547	-0.4092719054	0.3094123761
0.2515768921	-0.407620383	0.2823455204
0.283727985	-0.4054924522	0.2517534603
0.3169203883	-0.4028605466	0.2175210907
0.3498584024	-0.3997647397	0.1796591612
0.3804741864	-0.3963941786	0.1383706116
0.4059250515	-0.3931772868	0.09411629402
0.4230028628	-0.390780423	0.04765151625
0.4290457097	-0.3898825306	3.271778952e-9
0.4230028628	-0.3907804231	-0.04765150979
0.4059250517	-0.3931772871	-0.09411628751
0.3804741867	-0.3963941792	-0.138370605
0.3498584029	-0.3997647405	-0.1796591547
0.3169203889	-0.4028605476	-0.2175210843
0.2837279859	-0.4054924534	-0.2517534539
0.2515768931	-0.4076203842	-0.2823455142
0.2211772556	-0.4092719065	-0.30941237
0.1928533602	-0.4104950075	-0.3331421996
0.1666846655	-0.4113364595	-0.3537585758
0.1425871212	-0.411832986	-0.371493904
0.1203618876	-0.4120071703	-0.3865701473
0.09973757369	-0.41186495	-0.3991853009
0.08041403383	-0.4113944348	-0.409505729
0.06209661201	-0.4105660681	-0.4176639522
0.04451026432	-0.4093329703	-0.4237598258
0.02739765653	-0.4076298164	-0.4278626702
0.01051232412	-0.4053692805	-0.4300130558
-0.00638576718	-0.402435819	-0.4302241716
-0.02352976546	-0.3986766823	-0.4284832737
-0.02562926668	-0.436395322	0.4016754971
-0.008021584141	-0.440066194	0.403131808
0.009251235233	-0.4428963048	0.4026985982
0.02644471019	-0.4450412429	0.4003775666
0.04381534106	-0.4466168254	0.3961469285
0.06162169927	-0.4477105293	0.3899595093
0.08013045511	-0.4483896919	0.3817409973
0.09962544552	-0.4487049083	0.3713878447
0.1204121784	-0.4486857253	0.358764849
0.1428046602	-0.4483296394	0.3437036946
0.1670889787	-0.4475935171	0.3260049807
0.1934768962	-0.4463950546	0.3054458015
0.2220639753	-0.4446180037	0.2817930385
0.2527830832	-0.442109267	0.2548219128
0.2853229022	-0.4386650457	0.2243411059
0.3189780982	-0.4340190374	0.190228228
0.3524249526	-0.427869811	0.1524802155
0.383496934	-0.4200047811	0.1112785784
0.4091633456	-0.4105503887	0.06705721027
0.426006406	-0.4002451874	0.0205457475
0.4313087752	-0.3904266165	-0.02724579308
0.4242378181	-0.3824903529	-0.07512371909
0.4061974877	-0.3771750172	-0.1218744605
0.3800820742	-0.3743453898	-0.166438342
0.3491281032	-0.3733457488	-0.2080278142
0.3160926436	-0.3734470951	-0.2461607357
0.2829431054	-0.3740830851	-0.2806241599
0.2509017169	-0.3748934705	-0.3114051985
0.2206365791	-0.3756794443	-0.3386209892
0.1924532981	-0.3763389885	-0.3624634797
0.1664262679	-0.3768149954	-0.3831604331
0.1424725276	-0.3770658059	-0.4009480518
0.1203959469	-0.3770549961	-0.4160509809
0.09992798788	-0.376751707	-0.4286681619
0.08077260817	-0.3761296989	-0.4389649716
0.06264166635	-0.375159324	-0.4470713084
0.04526878335	-0.3737975944	-0.4530831289
0.02840698209	-0.3719818686	-0.457064608
0.01182225674	-0.3696262081	-0.4590496164
-0.004709762192	-0.3666171658	-0.4590426016
-0.02140200731	-0.3628072747	-0.4570194678
-0.02767782936	-0.4758694262	0.3765082511
-0.009600655177	-0.4794117837	0.3776796482
0.008051080415	-0.4821095471	0.3770219893
0.02555699812	-0.4841178648	0.374526321
0.0431905442	-0.4855503861	0.3701624806
0.06122170799	-0.4864929679	0.3638768436
0.0799249704	-0.4870142574	0.355590309
0.09959245056	-0.4871697564	0.3451958947
0.1205446121	-0.4869919916	0.3325557114
0.1431197295	-0.4864663254	0.3174985484
0.1676311838	-0.4855116902	0.2998212204
0.1943137361	-0.4839842726	0.2792962677
0.2232842651	-0.4816888549	0.2556854988
0.2545053307	-0.4783696308	0.228757886
0.2877122551	-0.4736707274	0.1983126354
0.3222573786	-0.4670820198	0.1642114127
0.3568441575	-0.4579317197	0.1264260655
0.3892148978	-0.4455433454	0.08510503389
0.4160320566	-0.4296685119	0.040648441
0.4333812912	-0.4111170031	-0.00623525307
0.4381659165	-0.3920327414	-0.05452950749
0.4296779216	-0.3751094962	-0.1030002665
0.4098854703	-0.3621695778	-0.1503718352
0.3822226981	-0.3535090286	-0.1955243498
0.3501632245	-0.3483579568	-0.2376302573
0.3164532654	-0.3456285088	-0.2761916342
0.2829477175	-0.3443707559	-0.3109973422
0.2507491873	-0.3439193357	-0.3420444388
0.2204392353	-0.3438680979	-0.3694616311
0.1922759096	-0.3439796207	-0.3934516439
0.166313244	-0.344100914	-0.4142519188
0.1424602193	-0.3441145131	-0.4321071029
0.1205136051	-0.3439245638	-0.4472482878
0.1001954794	-0.3434634892	-0.4598777358
0.08120379725	-0.3426930325	-0.4701606809
0.06325276077	-0.3415862223	-0.4782243275
0.04608474937	-0.340105454	-0.4841604926
0.02946411577	-0.3381913894	-0.4880281037
0.01316942722	-0.3357601701	-0.4898543262
-0.003009106356	-0.3327016458	-0.4896348231
-0.01926657119	-0.328875265	-0.4873339602
-0.02965103754	-0.516982653	0.3528626993
-0.01110568276	-0.5203544031	0.3537507286
0.006924217084	-0.5228902386	0.3528677872
0.02474348534	-0.5247408791	0.3501947146
0.04264265791	-0.5260147834	0.3456932294
0.06090205293	-0.5267937948	0.3393034361
0.07980148289	-0.5271469076	0.3309416894
0.09963920543	-0.5271370513	0.3204979705
0.1207539564	-0.526806303	0.3078319565
0.1435205571	-0.5261331246	0.2927687636
0.1682944562	-0.5249968281	0.2750989281
0.1953426523	-0.5231882959	0.2545866684
0.2248103602	-0.5204354937	0.2309845134
0.2567047515	-0.5163902916	0.204050752
0.2908422048	-0.5105601908	0.1735698728
0.3266952017	-0.5021973843	0.1393801186
0.3630715007	-0.4902263793	0.1014174046
0.3976565102	-0.4734025711	0.05978468021
0.4266858726	-0.4509369601	0.01483945146
0.4453814469	-0.4236221093	-0.03272950806
0.4498300105	-0.3946158684	-0.08188115204
0.4393757491	-0.3683068061	-0.1313069997
0.4169005821	-0.3477598459	-0.1796312208
0.3867565796	-0.3335457808	-0.2256475189
0.3528379543	-0.3245727847	-0.2684803294
0.3179127762	-0.3192827953	-0.3076223311
0.2836874771	-0.316313594	-0.3428770317
0.2510893898	-0.3147080214	-0.3742639112
0.2205683724	-0.3138806646	-0.4019325013
0.1923099035	-0.3134827128	-0.4261028992
0.1663366153	-0.3132785119	-0.4470275382
0.1425434893	-0.3130781828	-0.4649642948
0.1207113373	-0.3127238268	-0.4801547725
0.1005387806	-0.312110366	-0.4928070052
0.08170616195	-0.3111928129	-0.5030866198
0.06392659592	-0.3099530386	-0.5111177079
0.04695249904	-0.308361487	-0.5169875945
0.03056090599	-0.3063624175	-0.5207499295
0.01454289153	-0.3038740906	-0.522425296
-0.0012981195	-0.3007902582	-0.5220006604
-0.01714179139	-0.2969782623	-0.5194288117
-0.03152343467	-0.5595783387	0.3305945904
-0.01251907594	-0.5627367894	0.3312025062
0.005882935099	-0.5650813422	0.330094867
0.02401295669	-0.5667538723	0.3272427763
0.04217848402	-0.5678541335	0.3226001056
0.06066873535	-0.5684567633	0.316100852
0.07976504889	-0.5686293422	0.307657085
0.09976667089	-0.5684457725	0.2971563725
0.12103197	-0.5679692839	0.2844567514
0.1439883811	-0.5671813898	0.2693792603
0.1690528073	-0.5659175973	0.251705352
0.1965317144	-0.5638954538	0.2311867081
0.226600143	-0.5607695268	0.2075624866
0.2593193464	-0.556117222	0.180576719
0.2946191163	-0.5493399693	0.1499956611
0.3321666395	-0.5394775875	0.1156286223
0.3709866958	-0.5250218163	0.07736529761
0.4087973281	-0.5040144964	0.03524939168
0.441317874	-0.4748339801	-0.01041581783
0.4624188829	-0.4380114389	-0.05896380817
0.4666891565	-0.3980093905	-0.1093139903
0.4534582755	-0.3616383095	-0.1600477027
0.4271325922	-0.3334893672	-0.2096468281
0.3934842223	-0.3141232079	-0.256790617
0.356965306	-0.3017993081	-0.3005484084
0.3203339862	-0.2943336345	-0.3404117992
0.2850770593	-0.2899121241	-0.3762134169
0.2518739029	-0.287304445	-0.4080078849
0.2209949567	-0.2857885083	-0.4359738249
0.1925343256	-0.284939286	-0.46035428
0.1664789204	-0.2844565514	-0.4814215435
0.1427092675	-0.2840813203	-0.4994516892
0.120983159	-0.2835864817	-0.5147014766
0.1009573595	-0.2828264222	-0.527387329
0.08227972237	-0.2817595164	-0.5376751897
0.06466081734	-0.2803873733	-0.5456849776
0.04786687176	-0.2786918847	-0.551499008
0.03168966003	-0.276620279	-0.5551657529
0.01593244997	-0.2740921188	-0.556699517
0.0004101597522	-0.2710051274	-0.5560788155
-0.01504387632	-0.2672351443	-0.5532449775
-0.03326943442	-0.6034422482	0.3095395846
-0.01382346192	-0.6063455767	0.3098721917
0.004939081448	-0.6084706279	0.3085417471
0.0233736657	-0.6099460237	0.3055101087
0.04180451613	-0.6108589521	0.3007235555
0.06052826333	-0.6112726548	0.2941100688
0.07982253067	-0.6112497757	0.2855776342
0.09997740662	-0.6108787058	0.2750123162
0.1213675235	-0.6102629866	0.2622723007
0.1444961737	-0.6094059129	0.2471749123
0.1698704969	-0.6080890239	0.2294889486
0.1978391207	-0.6059400365	0.2089483474
0.2285992401	-0.602544732	0.185274859
0.2622667514	-0.5974316424	0.1581957644
0.2989094119	-0.5899456575	0.12745813
0.3384755822	-0.578971658	0.09284014217
0.3803695453	-0.5625598864	0.05417572908
0.4225235932	-0.537865189	0.01143352421
0.4601506438	-0.5019751587	-0.03515217161
0.4851287527	-0.4546092545	-0.08494485155
0.4893694323	-0.4019161435	-0.1368138884
0.4721087887	-0.3544713832	-0.189191714
0.440402801	-0.3188155092	-0.240369723
0.4021177782	-0.2949175519	-0.2888838745
0.3622871077	-0.2798968299	-0.3337438406
0.3235311135	-0.2707660342	-0.3744513315
0.2870041538	-0.2652237324	-0.4108847919
0.2530404924	-0.2617987541	-0.44314658
0.2216806481	-0.2596990553	-0.4714505532
0.1929196779	-0.2584719524	-0.4960665134
0.1667138322	-0.2577747587	-0.5172907876
0.1429371593	-0.2572819103	-0.53542291
0.1213211516	-0.2566808766	-0.5507405297
0.10145299	-0.255777063	-0.5634714399
0.08292681373	-0.2545516027	-0.5737806502
0.06545413095	-0.2530438687	-0.5817817782
0.04882312784	-0.2512500556	-0.5875514648
0.03284310726	-0.2491177608	-0.5911333593
0.01732867429	-0.246565929	-0.5925360481
0.002103970633	-0.2434958908	-0.5917300134
-0.0129871971	-0.2397925914	-0.5886453765
-0.03486436433	-0.6482878539	0.2895199149
-0.01500222849	-0.6508965652	0.2895834184
0.004103644478	-0.6527759505	0.2880332572
0.02283290122	-0.6540374716	0.2848225595
0.04152645018	-0.6547517719	0.2798902286
0.06048737305	-0.6549654123	0.2731581776
0.07998348349	-0.6547294043	0.2645302951
0.1002779724	-0.6541472171	0.2538923073
0.1217468695	-0.6533931574	0.2411061479
0.1450060153	-0.6525295512	0.225987429
0.1707011034	-0.6512596581	0.2082868328
0.199214576	-0.6490889819	0.1877133417
0.2307443303	-0.6455421187	0.1639673658
0.2654497476	-0.640130959	0.1367581328
0.3035424818	-0.6322146329	0.1058161719
0.3453449595	-0.6206327637	0.07089228655
0.3908670629	-0.6030288729	0.03175586001
0.4385664752	-0.5755061439	-0.01171900468
0.4833982017	-0.5332188455	-0.05938436468
0.5144868927	-0.4739090316	-0.110647738
0.5188558737	-0.4058067064	-0.1643261202
0.4955232225	-0.3458595128	-0.2186591385
0.4563875929	-0.3030798735	-0.2716901444
0.4122444072	-0.2756238754	-0.3217849036
0.368462919	-0.2587874767	-0.3678936053
0.3272686938	-0.2486385311	-0.4095426991
0.2893359278	-0.2423716819	-0.4466760281
0.2545201976	-0.2383280877	-0.4794554466
0.2225815276	-0.2357542098	-0.5081322091
0.1934292872	-0.2342324843	-0.5330040991
0.1670052201	-0.2334015605	-0.5543948006
0.1431971005	-0.2328721102	-0.5726330129
0.1217163976	-0.2322127564	-0.5880250306
0.102032717	-0.2311583867	-0.6008137693
0.08365326056	-0.2297527549	-0.6111597826
0.06630624393	-0.2281016802	-0.6191665827
0.04981671063	-0.2262145934	-0.6249045199
0.03401428077	-0.2240333337	-0.6284132623
0.01872289795	-0.2214730434	-0.6296965838
0.003772815391	-0.2184380201	-0.6287175355
-0.01098464004	-0.2148233418	-0.6253953559
-0.03628541601	-0.6937471814	0.2703538226
-0.01604001206	-0.696025222	0.2701556797
0.003386332542	-0.6976356574	0.2683899723
0.02239648873	-0.6986697565	0.2650016657
0.04134848307	-0.6991778327	0.2599224533
0.06055229515	-0.6991836591	0.2530679064
0.08026098486	-0.6987152404	0.2443373199
0.1006834688	-0.6978820005	0.2336171917
0.1221542945	-0.6969741751	0.2207801043
0.1454635266	-0.6961938622	0.2056457775
0.1714863394	-0.6951065663	0.1879363894
0.2006013765	-0.6930354123	0.1673250011
0.2329673909	-0.6894622554	0.1434875062
0.2687654966	-0.683917295	0.1161147674
0.3083194324	-0.6758610294	0.08492806599
0.3524086396	-0.6642830197	0.04966612998
0.4019566141	-0.6465229462	0.01002488641
0.4563951809	-0.6175462476	-0.03424331432
0.5111526295	-0.5698374521	-0.08309417565
0.5520290586	-0.4967908429	-0.1359996461
0.5567283177	-0.4086951928	-0.191738947
0.5237919275	-0.3343370183	-0.2483047246
0.4744969227	-0.2854976814	-0.3034181055
0.4232877331	-0.2559802831	-0.3552568461
0.3750622333	-0.2384651302	-0.4027196082
0.3312599698	-0.2280895524	-0.4453751778
0.291930482	-0.2215469398	-0.4832563806
0.2562479083	-0.2170648638	-0.51659437
0.223652284	-0.2141156031	-0.5456728344
0.1940209574	-0.2123869146	-0.5708155398
0.1673055656	-0.2115186976	-0.5923760637
0.1434438606	-0.2110682834	-0.6107184374
0.122160928	-0.2104205486	-0.6261889983
0.1027145299	-0.2091844476	-0.6390511828
0.08446960989	-0.2075562302	-0.6494530662
0.06721736575	-0.2057500617	-0.6574818448
0.05084279376	-0.2037756991	-0.6632015905
0.03519632473	-0.2015578474	-0.6666496659
0.02010719582	-0.1990035857	-0.6678263751
0.005407508124	-0.1960194851	-0.6666881181
-0.009047830294	-0.1925124838	-0.6631435594
-0.03751216216	-0.7393713973	0.2518688591
-0.01692305949	-0.7412865823	0.2514176108
0.00279517641	-0.7426083399	0.2494414892
0.02206826294	-0.7434055334	0.2458779429
0.0412723896	-0.743704937	0.2406515736
0.06072720747	-0.7435015989	0.2336710655
0.08067142629	-0.7427842437	0.2248297671
0.101226057	-0.741636292	0.2140150273
0.122574158	-0.7405170246	0.2011229647
0.1457855969	-0.7399621794	0.1859930984
0.1721556295	-0.7392444571	0.1682945859
0.201939558	-0.7374033843	0.1476475812
0.2351998691	-0.7339298988	0.1237037308
0.2721189759	-0.7284017195	0.09613531497
0.3130329919	-0.7204572999	0.0646660417
0.3592056974	-0.7095810752	0.02906310648
0.4129188741	-0.6929878901	-0.01106461991
0.4750656914	-0.6645851657	-0.05613264907
0.5430778468	-0.6137641164	-0.1062090093
0.6002695344	-0.5250769558	-0.1608536385
0.6056371828	-0.4085844371	-0.2188625759
0.5565783062	-0.3176109825	-0.2779031245
0.4936993946	-0.2652140545	-0.3352655314
0.4344841049	-0.2358134686	-0.3889489938
0.3815667046	-0.2189930348	-0.4378197249
0.3351597509	-0.209336559	-0.4815069326
0.294659738	-0.203003973	-0.5201624219
0.2581774185	-0.1981850568	-0.5540927225
0.2248496397	-0.1949334296	-0.5835967306
0.1946491474	-0.1930856862	-0.6090193328
0.1675544664	-0.1922882649	-0.6307462184
0.1436039155	-0.1920867782	-0.6491828642
0.1226527354	-0.1915662378	-0.6647332255
0.1035382894	-0.190056821	-0.6776900988
0.085391407	-0.1881322856	-0.6881721469
0.0681868749	-0.1861591371	-0.6962412216
0.05189558692	-0.1841070734	-0.7019569812
0.03638225282	-0.1818666238	-0.7053573957
0.02147437671	-0.1793323778	-0.7064411197
0.007000356406	-0.1764127075	-0.7051588422
-0.007186919256	-0.1730287016	-0.70140886
-0.004068468837	-0.2182534626	0.7155068814
0.008515159851	-0.2218724204	0.7192599264
0.02146344851	-0.2249522352	0.7204040793
0.03489028842	-0.2275849685	0.7190370766
0.04893526967	-0.2298683965	0.7152022541
0.06374241231	-0.2319076036	0.7088920356
0.07942628912	-0.2338064626	0.7000563983
0.09601312923	-0.2355948728	0.6886251089
0.1135337065	-0.2369515184	0.6745472923
0.1327711364	-0.2373776446	0.6577294417
0.1547589661	-0.2374858594	0.6378405821
0.1796272717	-0.2380890841	0.6144272477
0.20735616	-0.2395876879	0.5870687971
0.2379911342	-0.2422961371	0.5553858998
0.271612979	-0.2463655343	0.5190802585
0.3091104033	-0.251778891	0.47796541
0.3523694155	-0.2602709181	0.4318413873
0.4022162168	-0.2755185104	0.3806619541
0.4588406504	-0.3028873995	0.3249298009
0.5200431884	-0.3528216885	0.2657822549
0.5688123075	-0.4410018422	0.204965622
0.5647874161	-0.5548869303	0.1448907087
0.5100321335	-0.6416239123	0.08783034799
0.4449569833	-0.6910989396	0.03509099279
0.3858918316	-0.7186377302	-0.01276160901
0.3351367549	-0.7347245761	-0.0556533294
0.2916680337	-0.7452406118	-0.09385268453
0.2532888116	-0.7528585489	-0.1276871701
0.2187593388	-0.758152169	-0.1574007063
0.1877019313	-0.7614995691	-0.1832634515
0.1599140901	-0.7633071603	-0.2055953492
0.1353169403	-0.7640609549	-0.2247457314
0.1136423172	-0.7646522126	-0.241091705
0.09367026222	-0.7657220928	-0.2549725799
0.07441455258	-0.7667595087	-0.2665898537
0.05570078265	-0.7673426362	-0.2760675025
0.03740828743	-0.7673924818	-0.2835181414
0.01930594029	-0.7669142457	-0.2890457315
0.001083975604	-0.7659049413	-0.2927397584
-0.01762471039	-0.7643292904	-0.2946741492
-0.0372393504	-0.7621092065	-0.2949098493
-0.0060739566	-0.2375193971	0.6801709983
0.006819864542	-0.2412819941	0.6837309427
0.02002787228	-0.2444452108	0.6847434485
0.03366510453	-0.2471150445	0.6832954849
0.04787045249	-0.2493922792	0.6794251035
0.06278875857	-0.2513723519	0.6731244649
0.07854946537	-0.2531306323	0.6643470112
0.09525596084	-0.2546637887	0.653021115
0.1131003444	-0.2557874292	0.6390607476
0.1326544679	-0.2563367839	0.6223194662
0.1545817256	-0.2566682223	0.6025104537
0.1791322724	-0.2573306226	0.5792570021
0.2063743589	-0.2587184874	0.5521800705
0.2363752935	-0.2611561799	0.5209288429
0.2692936065	-0.2649354808	0.4852109217
0.3057221375	-0.2705717823	0.444810578
0.3465461037	-0.2797632033	0.3995782387
0.3919225558	-0.2957035281	0.3495733178
0.4407603927	-0.3232122544	0.2953178485
0.4885629197	-0.3696595374	0.2379154911
0.5212555361	-0.4414193498	0.1790460837
0.5176725771	-0.5270969723	0.1208162083
0.4789244917	-0.5982329026	0.06518722601
0.426842374	-0.6445729481	0.01345428004
0.3752771538	-0.6726381476	-0.03373628997
0.3285561221	-0.689822551	-0.07621737265
0.2871272705	-0.7010088883	-0.114134186
0.2500707618	-0.7087677142	-0.1477410727
0.2166110198	-0.7141078355	-0.1772922278
0.186401947	-0.7175664814	-0.2030646609
0.1592473186	-0.7195951868	-0.2253683268
0.1349804792	-0.720683982	-0.2445330897
0.113229919	-0.7214606479	-0.2608933483
0.09316996755	-0.7223147957	-0.2747419017
0.07406374489	-0.7230495205	-0.2862834066
0.0555960435	-0.7233921746	-0.2956603532
0.03756643913	-0.7232365179	-0.3029903215
0.01973158718	-0.7225497919	-0.308374439
0.001791985105	-0.7213008582	-0.3118966647
-0.01660087979	-0.7194307913	-0.3136241199
-0.03584277012	-0.7168384354	-0.3136097339
-0.008165374192	-0.2589782786	0.6452316421
0.005073194523	-0.2628672747	0.6485833924
0.01856650917	-0.2660988373	0.6494498214
0.03243572272	-0.2687908911	0.6479074399
0.04682398465	-0.271047531	0.6439881263
0.06188313941	-0.2729582995	0.6376815316
0.07776306155	-0.274584825	0.6289402053
0.09462130302	-0.2759257204	0.6176866087
0.1127050575	-0.276893403	0.6038127438
0.1324589879	-0.2774564148	0.5871512721
0.1543602631	-0.2778564398	0.567441381
0.1786727006	-0.2784800215	0.5443550555
0.2055081229	-0.2796762806	0.5175496101
0.2349396372	-0.281773381	0.4867004824
0.2670879469	-0.2851616282	0.4515291742
0.3022368327	-0.2905618965	0.4118279427
0.3406188418	-0.2995657341	0.3674956867
0.3817557501	-0.3148974326	0.3186614685
0.4237274624	-0.3404608847	0.2658653614
0.4615148043	-0.381024587	0.2101668804
0.4846122432	-0.4386185445	0.1531280466
0.4811837623	-0.5045312209	0.09661620709
0.451966028	-0.5620619323	0.04237544954
0.4095682214	-0.6030430048	-0.008344541772
0.364548279	-0.6296769284	-0.05484760427
